008002
008003
008004
008005
008007
008014
008017
008041
008042
008043
008044
008045
008046
008047
008048
008049
008050
008051
008053
008054
008055
008057
008058
041411
041426
041427
041428
041429
041430
041431
041432
041433
041434
041435
041436
041437
041438
041439
041440
041441
041442
041443
041444
041445
041446
041447
041448
041449
042413
042414
042415
042416
042417
042418
042419
042420
042421
042422
042423
042424
042425
042426
042427
042428
042429
042430
042431
042432
042433
042434
042435
042436
042437
042438
042439
042440
042441
042442
042443
042444
042445
042446
042447
042448
042449
042450
043301
043302
043303
043304
043305
043306
043307
043308
043309
200000
200002
200003
200004
200005
200006
200007
200008
200011
200012
200013
200014
200015
200016
200017
200018
200550
200551
201404
201405
201408
201409
201410
201412
201413
201414
201416
201418
201419
201420
201421
201422
201424
201425
201426
201427
201428
201429
201430
201431
201432
201433
201434
201494
201497
201498
201500
201506
201507
201530
201531
201532
201533
201534
201535
201536
201537
201540
201541
201542
201544
201545
201546
201547
201548
201549
201550
201551
201552
201553
201559
201569
201583
201675
201676
201677
201678
201679
201680
201681
201682
201683
201684
201685
201686
201687
201690
201691
201693
201694
201695
201696
201697
201698
201699
201751
203164
203418
203419
205626
205627
205706
205707
205708
205709
207302
207303
207304
207305
207306
207307
207402
207403
207406
207407
207408
207409
207410
207411
207413
207415
207416
207417
207471
208001
208774
208780
208787
208789
209116
209125
209160
209161
209400
209403
209404
209405
209406
209417
209420
209423
211401
220001
220002
220010
220011